"Estimate" "Std. Error" "Adjusted SE" "z value" "Pr(>|z|)" "2.5 %" "97.5 %"
"(Intercept)" -0.486965154482116 0.224768756881295 0.250089161212962 1.94716617113784 0.0515148 -0.977130903383353 0.00320059441912018
"CSand" -0.525691334993864 0.140449679526617 0.158413023288541 3.31848558963706 0.0009051 -0.83617515532151 -0.215207514666219
"CShrubbiness2" 0.0953980438641151 0.136353902988482 0.154197337202979 0.618675040662582 0.5361305 -0.206823183565702 0.397619271293933
"CFire_frequency.2000_2017" -0.254818578954344 0.274512018749127 0.301038435782887 0.846465263784863 0.3972932 -0.844843071051076 0.335205913142388
"CMAP.mm_yr" 0.0159815891820171 0.197352318725717 0.218139490655219 0.0732631635565557 0.9415967 -0.411563956108124 0.443527134472158
"CTreeBM.kg_m2" 0.0847120255149605 0.317681524345778 0.351946918465769 0.240695460225203 0.8097912 -0.605091259147802 0.774515310177723
"CTermites" -0.0304401386886356 0.170167843514299 0.193001904799942 0.157719369247618 0.8746779 -0.408716921044149 0.347836643666878
"Cwild" 0.285390058131907 0.238036356472527 0.267012888903414 1.06882502677667 0.2851485 -0.237945587526779 0.808725703790592
"Clivestock" -0.0958208457766618 0.30108332313317 0.332796322173574 0.287926396394144 0.7734031 -0.748089651424255 0.556447959870931
"CHerb.C" -0.048563383588784 0.267580742374766 0.296961614733442 0.163534211761258 0.8700978 -0.63059745325719 0.533470686079622
"CMAP.mm_yr:CSand" -0.0142817192718179 0.185754703828305 0.214716279376336 0.0665143756835791 0.9469683 -0.435117893743877 0.406554455200241
"Clivestock:CMAP.mm_yr" 0.317501751154146 0.44158526314201 0.463751741173569 0.684637324165461 0.4935728 -0.591434959313791 1.22643846162208
