"Estimate" "Std. Error" "Adjusted SE" "z value" "Pr(>|z|)" "2.5 %" "97.5 %"
"(Intercept)" 2.76940561678248 0.209214371247409 0.21059371605046 13.1504665415511 0 2.35664951795313 3.18216171561184
"CMAP.mm_yr" 0.358678866595981 0.191773521331732 0.192872971049634 1.85966371878866 0.0629331 -0.0193452102525386 0.736702943444501
"CSand" -0.654415460239452 0.206877674894299 0.208119697895185 3.14441865358191 0.0016642 -1.06232257258737 -0.246508347891532
"landuseWild" 0.409993887813291 0.312318600165341 0.314463206061082 1.30378969593553 0.1923053 -0.206342670529427 1.02633044615601
"CMAP.mm_yr:CSand" -0.352873196040535 0.170391634881289 0.171635315057034 2.05594749497372 0.0397876 -0.689272232027506 -0.0164741600535628
"CFire_frequency.2000_2017" 0.358044517838317 0.189396975007753 0.190729919415538 1.8772330997438 0.0604862 -0.0157792549903651 0.731868290666999
"CMAP.mm_yr:landuseWild" -0.528464748010493 0.370977060901495 0.37383898960393 1.41361592211231 0.1574747 -1.26117570365104 0.204246207630053
"CSand:landuseWild" -0.237577822558116 0.263899991291361 0.266770447163263 0.890570245259284 0.3731598 -0.760438291137758 0.285282646021525
"CTreeBM.kg_m2" -0.279587378417449 0.218725456968658 0.221273363858857 1.26353833801609 0.2063958 -0.713275202318836 0.154100445483938
"CShrubbiness2" 0.11215626438014 0.127381668000902 0.128813585983278 0.870686609056127 0.3839253 -0.140313724866539 0.364626253626819
"CHerb.C" -0.0945512826938661 0.282045796823268 0.283715008631548 0.33326147654267 0.7389369 -0.650622481485171 0.461519916097439
