"Estimate" "Std. Error" "Adjusted SE" "z value" "Pr(>|z|)" "2.5 %" "97.5 %"
"(Intercept)" -0.223219991803312 0.164948373754065 0.169516773256009 1.31680179793299 0.1879051 -0.555466762160532 0.109026778553908
"CFire_frequency.2000_2017" 0.18518444938732 0.118957167335342 0.123677934367391 1.49731195248799 0.1343121 -0.0572198476550747 0.427588746429714
"CMAP.mm_yr" -0.0628266651274258 0.089190772916066 0.0938756321486492 0.669254242974808 0.5033333 -0.246819523164709 0.121166192909857
"CSand" 0.0430405257737523 0.106293859580942 0.11106684631602 0.387519113050969 0.6983719 -0.174646492882092 0.260727544429597
"CMAP.mm_yr:CSand" 0.406482715701703 0.104510891195146 0.109266804215954 3.72009338626153 0.0001991 0.192323714732644 0.620641716670762
"landuseWild" 0.378360403450537 0.271183601765883 0.279820963834075 1.35215174112149 0.1763268 -0.170078607783534 0.926799414684609
"CMAP.mm_yr:landuseWild" 0.282752809258641 0.204975509761858 0.216713289228249 1.30473221215722 0.191984 -0.141997432599938 0.70750305111722
"Ctot.N.kg_m2" 0.0295445349776391 0.107036659223635 0.113391021592948 0.260554447456152 0.7944361 -0.192697783514742 0.25178685347002
"CSand:landuseWild" 0.0137267330254912 0.213207657790565 0.226556490097624 0.0605885667613244 0.9516869 -0.430315828029657 0.457769294080639
