"Estimate" "Std. Error" "Adjusted SE" "z value" "Pr(>|z|)" "2.5 %" "97.5 %"
"(Intercept)" 1.41247760939674 0.104306556277616 0.105516185518337 13.3863596609193 0 1.20566968599476 1.61928553279873
"CMAP.mm_yr" 0.0565220534375422 0.0947825566022907 0.095572100193553 0.591407464344443 0.5542474 -0.130795820868675 0.24383992774376
"CSand" -0.147860673010837 0.108680716604881 0.109135866122265 1.35483116838224 0.1754714 -0.361763040032062 0.0660416940103881
"landuseWild" 0.0735717509766253 0.150845713820597 0.152576317928789 0.482196398335965 0.6296664 -0.225472337057534 0.372615839010785
"CMAP.mm_yr:landuseWild" 0.243236505534659 0.124836222058345 0.125878661404195 1.93230927959767 0.0533213 -0.00348113723967544 0.489954148308993
"CHerb.C" -0.0674351930558628 0.0666816613407093 0.0674650730137752 0.999557104786557 0.3175249 -0.199664306377227 0.0647939202655016
"CTreeBM.kg_m2" 0.0623576225173456 0.0807292508589103 0.0817215814887639 0.763049629991795 0.4454338 -0.0978137339602868 0.222528978994978
"CFire_frequency.2000_2017" 0.0557063040809822 0.0785388770295058 0.0791925399960393 0.703428682597733 0.4817886 -0.0995082221555025 0.210920830317467
"CShrubbiness" -0.0148700924096095 0.0379233761208158 0.0383585901595254 0.387660035151654 0.6982676 -0.0900515476200119 0.0603113628007928
"CSand:landuseWild" -0.138343963374258 0.109852967398547 0.111058524990752 1.24568522214551 0.21288 -0.356014672532273 0.0793267457837575
"CMAP.mm_yr:CSand" 0.0488327715787816 0.0586377471397176 0.059259301028585 0.824052439552503 0.4099098 -0.0673133241862623 0.164978867343825
