"Estimate" "Std. Error" "Adjusted SE" "z value" "Pr(>|z|)" "2.5 %" "97.5 %"
"(Intercept)" -0.15985614224728 0.212672131606565 0.238306501700189 0.670800591283881 0.5023476 -0.626928302861383 0.307216018366823
"CSand" -0.366888248091817 0.136293224181607 0.153689520856044 2.3872040595108 0.0169771 -0.668114173770881 -0.0656623224127535
"Clivestock" -0.441360032874196 0.159563635285691 0.171606235750049 2.57193470240238 0.0101132 -0.777702074466783 -0.10501799128161
"Cwild" 0.336977816566114 0.131928915050813 0.148467487917854 2.26970780803243 0.0232253 0.0459868873719849 0.627968745760243
"CMAP.mm_yr" -0.164857060706259 0.182091830217628 0.196935485985007 0.837112010980131 0.4025296 -0.550843520514766 0.221129399102248
"CTermites" -0.0565454961069589 0.103552449774688 0.116410224328177 0.485743382364329 0.6271491 -0.284705343222414 0.171614351008496
"CShrubbiness2" -0.08465898850474 0.10553623418752 0.117696405963825 0.71929969153655 0.4719563 -0.315339705303643 0.146021728294162
"CTreeBM.kg_m2" 0.207543963672169 0.220980189775243 0.243215906021813 0.853332197991834 0.3934751 -0.269150452597863 0.684238379942201
"CHerb.C" 0.0715485089991822 0.166533406714095 0.184810549426588 0.387145156059412 0.6986487 -0.29067351183999 0.433770529838355
"CFire_frequency.2000_2017" -0.0253391871726909 0.208573797314054 0.229085495151571 0.110610177025505 0.9119255 -0.474338507050295 0.423660132704914
