"Estimate" "Std. Error" "Adjusted SE" "z value" "Pr(>|z|)" "2.5 %" "97.5 %"
"(Intercept)" -0.717889764574704 0.555774613288306 0.582394576970241 1.23265187033393 0.2177057 -1.85936216022782 0.423582631078408
"CFire_frequency.2000_2017" -0.783395364989612 0.277711468901502 0.298342605139615 2.62582464419726 0.0086439 -1.36813612611711 -0.198654603862112
"CSand" 0.491826123685157 0.340776348776125 0.355642929871774 1.38292113345957 0.166689 -0.205221210219824 1.18887345759014
"landuseWild" 1.06040523375925 0.429794223464427 0.467260831483726 2.2694074964342 0.0232436 0.144590832664904 1.97621963485359
"CMAP.mm_yr" 0.280101114267548 0.246602604763774 0.265655984652794 1.0543753216538 0.2917111 -0.240575047929454 0.800777276464549
"Ctot.N.kg_m2" -0.198741630739642 0.326652595151512 0.335153971947939 0.592986052304679 0.5531905 -0.855631345033149 0.458148083553866
"CTreeBM.kg_m2" 0.0577054801952339 0.29298166339373 0.319657943493651 0.180522591006345 0.8567423 -0.568812576424462 0.68422353681493
"CShrubbiness2" 0.017298575142415 0.181597058222319 0.194813005823971 0.0887957919916584 0.9292442 -0.364527899992559 0.399125050277389
"CSand:landuseWild" 0.584834236135671 0.617968379899694 0.665150804789124 0.879250587873954 0.3792654 -0.718837385538844 1.88850585781019
"CMAP.mm_yr:landuseWild" 0.563095418341662 0.531455076064961 0.557078313387988 1.01080118326108 0.3121116 -0.528758012467112 1.65494884915044
