"Estimate" "Std. Error" "Adjusted SE" "z value" "Pr(>|z|)" "2.5 %" "97.5 %"
"(Intercept)" 1.41415907422564 0.106779066367652 0.108050920884357 13.0878946949389 0 1.20238316079591 1.62593498765537
"CMAP.mm_yr" 0.0520718338275865 0.0959858785711077 0.0967994297976793 0.537935336359129 0.5906217 -0.137651562299878 0.241795229955051
"CSand" -0.132786433425438 0.106682127585618 0.107165937914712 1.23907312350605 0.2153184 -0.342827812107728 0.0772549452568533
"landuseWild" 0.0740919595159049 0.154477363779975 0.156389602111951 0.473765253669911 0.6356673 -0.232426028180068 0.380609947211878
"CMAP.mm_yr:landuseWild" 0.242621301972686 0.120708884195045 0.121744465553168 1.99287335872142 0.0462753 0.00400653417139935 0.481236069773972
"CTreeBM.kg_m2" 0.0633331644895943 0.079392783545926 0.0803785145736212 0.787936488072139 0.4307339 -0.094205829205531 0.22087215818472
"CFire_frequency.2000_2017" 0.0447479450098362 0.0673499043710559 0.0680651290680108 0.657428342861497 0.5109055 -0.0886572565665353 0.178153146586208
"CShrubbiness2" -0.0263595783363445 0.0503847297895998 0.0509993754008456 0.516860807199365 0.6052533 -0.12631651735604 0.0735973606833508
"CSand:landuseWild" -0.138111666689034 0.11329694378766 0.114551238539781 1.20567589185054 0.2279425 -0.36262796861146 0.0864046352333924
