"Estimate" "Std. Error" "Adjusted SE" "z value" "Pr(>|z|)" "2.5 %" "97.5 %"
"(Intercept)" 0.000382319502089291 0.306098917760165 0.320202491067585 0.00119399290372352 0.9990473 -0.627203030750385 0.627967669754563
"CDW" 0.378295004536233 0.108570128460375 0.121229564006602 3.12048474013841 0.0018055 0.140689425221801 0.615900583850666
"CFire_frequency" 0.513042665314298 0.121480867021101 0.133202249735111 3.85160660825583 0.0001173 0.25197105317377 0.774114277454826
"CMAP.mm_yr" 0.399089634264834 0.103348922559356 0.113194096309249 3.52571067995024 0.0004223 0.177233282236149 0.62094598629352
"LanduseWild" 0.731546158120717 0.327372922760581 0.351731927816777 2.07984007212957 0.0375402 0.0421642473869933 1.42092806885444
"CLivestock" -0.334209500795117 0.190184699254308 0.200995809271164 1.66276850252253 0.0963588 -0.728154048010081 0.0597350464198465
"CWoody" 0.338659765062528 0.146196902428875 0.156995372532887 2.15713214726495 0.0309954 0.0309544891586205 0.646365040966436
"CTot.N.kg_m2" -0.243810206484807 0.157798038645222 0.170740491597991 1.42795773985974 0.153304 -0.578455420719532 0.0908350077499183
"CSand" 0.109469226745509 0.231266627360283 0.244576421315539 0.44758700023776 0.6544513 -0.369891750500643 0.58883020399166
