"Estimate" "Std. Error" "Adjusted SE" "z value" "Pr(>|z|)" "2.5 %" "97.5 %"
"(Intercept)" -0.487007730495941 0.224694558935292 0.250006761647229 1.9479782358172 0.0514176 -0.977011979216 0.00299651822411828
"CSand" -0.525691334993865 0.140449679526617 0.158413023288541 3.31848558963706 0.0009051 -0.83617515532151 -0.215207514666219
"CShrubbiness2" 0.0953980438641151 0.136353902988482 0.154197337202979 0.618675040662582 0.5361305 -0.206823183565702 0.397619271293933
"CFire_frequency.2000_2017" -0.254809814028338 0.27449672228509 0.301017070421198 0.846496225851229 0.397276 -0.844792430785643 0.335172802728968
"CMAP.mm_yr" 0.016740887508047 0.19690533525056 0.217638165855737 0.0769207342022162 0.9386866 -0.409822079230552 0.443303854246646
"CTreeBM.kg_m2" 0.0846868864047582 0.317703297434423 0.351969301985079 0.240608729020204 0.8098584 -0.605160269149698 0.774534041959215
"CTermites" -0.030434947860755 0.170162439041088 0.192994641287372 0.157698408918188 0.8746945 -0.40869749399323 0.34782759827172
"Cwild" 0.285390058131907 0.238036356472527 0.267012888903414 1.06882502677667 0.2851485 -0.237945587526779 0.808725703790592
"Clivestock" -0.0970607639691565 0.300471197401476 0.331973282722584 0.292375227226542 0.7699997 -0.747716441934953 0.55359491399664
"CHerb.C" -0.048584198747077 0.267556880470741 0.296928259134726 0.163622684107789 0.8700282 -0.630552892643315 0.533384495149161
"CMAP.mm_yr:CSand" -0.0142817192718179 0.185754703828305 0.214716279376336 0.0665143756835791 0.9469683 -0.435117893743877 0.406554455200241
