"Estimate" "Std. Error" "Adjusted SE" "z value" "Pr(>|z|)" "2.5 %" "97.5 %"
"(Intercept)" 2.90982101072245 0.154010430782407 0.155877781024149 18.6673237943492 0 2.6043061739251 3.2153358475198
"CFire_frequency.2000_2017" 0.423293341367028 0.166531732534837 0.167714320151181 2.52389504358043 0.0116063 0.0945793141790926 0.752007368554963
"CMAP.mm_yr" 0.331827517939344 0.220320490304218 0.221401359687446 1.49876007269236 0.1339359 -0.102111173176247 0.765766209054936
"CSand" -0.582073171626625 0.189916786516748 0.191108720065162 3.04576981849994 0.0023209 -0.95663938008589 -0.20750696316736
"CTreeBM.kg_m2" -0.294662914256896 0.19842489896639 0.200829434763711 1.46722971462618 0.1423136 -0.688281373429306 0.0989555449155135
"landuseWild" 0.0584354620481505 0.238501911084988 0.241389318979314 0.242079733665259 0.8087184 -0.414678909403955 0.531549833500256
"CMAP.mm_yr:landuseWild" -0.731561895837489 0.325613244901412 0.329340319345869 2.22129466957009 0.026331 -1.37705706041231 -0.0860667312626658
"CSand:landuseWild" -0.195564222902741 0.307222069593138 0.309967582450396 0.630918308801009 0.5280939 -0.803089520880466 0.411961075074984
"CShrubbiness2" 0.112126947221487 0.126552839304003 0.127965307983977 0.876229260789393 0.3809054 -0.138680447697683 0.362934342140657
