"Estimate" "Std. Error" "Adjusted SE" "z value" "Pr(>|z|)" "2.5 %" "97.5 %"
"(Intercept)" -0.318858365737407 0.217174857727844 0.233606131528984 1.36494005380097 0.1722719 -0.776717970101942 0.139001238627129
"CSoil.Ahor" 0.890328585980302 0.239309995290097 0.263723546522904 3.37599201026587 0.0007355 0.373439932920238 1.40721723904037
"CRoots.kg_m2" 0.228321924006018 0.198948689135776 0.218788130101342 1.04357546225318 0.2966819 -0.200494931237477 0.657138779249512
"CSand" -0.452969406258433 0.136964391778508 0.151539156275177 2.98912451007641 0.0027978 -0.749980694805367 -0.155958117711498
"CRoots.kg_m2POLY" 0.125804377856224 0.243416581514052 0.26200047261223 0.480168514972183 0.6311076 -0.387707112396218 0.639315868108667
"CDW" -0.167744851701722 0.18326061341752 0.198650965581213 0.844420016841775 0.3984347 -0.557093589735005 0.22160388633156
"CHerb_year.kg_m2" -0.158421305498065 0.172921745648744 0.187097928943645 0.846729337906152 0.397146 -0.525126507809642 0.208283896813513
"CWoodyPOLY" 0.148309369552547 0.141982085014239 0.157181415839811 0.9435553736435 0.3453969 -0.159760544532496 0.45637928363759
"LanduseWild" 0.0929634419511842 0.577005490802466 0.60808073467552 0.152880097411392 0.8784928 -1.09885289770549 1.28477978160786
